$ 4 0.000005 10.20027730826997 50 5 50
t 480 256 528 256 0 1 0.6292641754879971 0.632799167469201 100
g 528 272 528 304 0
R 432 256 400 256 0 2 40 2.5 2.5 0 0.5
r 528 240 528 144 0 10000
R 528 144 528 96 0 0 40 12 0 0 0.5
r 432 256 480 256 0 1000
f 528 240 624 240 1 1.5 0.02
g 624 256 624 304 0
R 624 144 624 96 0 0 40 12 0 0 0.5
r 624 144 624 224 0 100
x 377 211 507 214 4 20 Sterowanie\s5V
x 638 154 706 157 4 20 Wyjście
o 2 64 0 4102 5 0.00625 0 2 2 3
o 6 64 0 4102 20 0.1 0 2 6 3
o 9 64 0 4102 10 0.1 0 2 9 3
