$ 20 0.000005 10.20027730826997 50 5 43
178 -32 208 80 208 0 1 0.2 9.996694583236376e-14 0.05 1000000 0.02 20
R -32 240 -112 240 0 0 40 12 0 0 0.5
t -64 288 -32 288 0 1 -11.999999999718 2.7999999993790103e-10 100
w -32 256 -32 272 0
r -64 288 -128 288 0 5600
g -32 304 -32 336 0
L -128 288 -208 288 0 0 false 5 0
x -7 172 110 175 4 24 Przekaznik
w 80 224 160 224 0
r 160 224 160 272 0 1000
g 160 272 160 336 0
x 121 215 194 218 4 24 Zamek
R -32 208 -32 176 0 0 40 12 0 0 0.5
x -229 319 -73 322 4 24 Sterowanie\s5V
