$ 1 0.000005 8.281975887399955 50 5 50
w 944 240 1008 240 0
c 1168 224 1168 320 0 0.000001 2.2048848229189457
g 1168 320 1168 352 0
r 1232 224 1232 320 0 18000
g 1232 320 1232 368 0
w 1168 224 1232 224 0
a 352 256 496 256 0 5 0 1000000 0.04609726679423945 0.04609772776690739
w 352 240 352 208 0
w 352 208 496 208 0
w 496 256 496 208 0
a 800 240 944 240 0 5 0 1000000 0.04607586246176858 0.04609726679423945
r 784 224 784 352 0 22000
w 784 224 784 144 0
r 784 144 944 144 0 1000000
w 944 144 944 240 0
g 784 352 784 400 0
d 1056 176 1328 176 1 0.805904783
c 1024 160 1168 160 0 0.00001 0.9647383160941256
w 976 80 1136 80 0
R 320 272 272 272 0 1 1000 0.01 0.05 0 0.5
c 112 352 256 352 0 0.001 3.360039264648863
w 784 224 800 224 0
w 800 256 720 256 0
t 1456 240 1552 240 0 -1 0 0 100
w 1552 224 1456 224 0
w 1456 224 1456 240 0
r 256 352 256 432 0 1000000
g 256 432 256 496 0
w 352 272 320 272 0
w 496 256 720 256 0
t 1072 224 1008 224 0 -1 0.06445157583148786 0 100
w 1072 208 1008 208 0
w 1072 208 1072 224 0
w 1072 224 1168 224 0
w 1232 224 1296 208 0
r 112 352 112 448 0 5000
g 112 448 112 496 0
r 112 352 112 256 0 5000
R 112 256 112 208 0 0 40 5 0 0 0.5
o 28 64 0 2083 0.15625 0.00009765625 0 -1 0
o 9 64 0 2083 0.15625 0.00009765625 0 -1 0
o 22 64 0 2083 0.15625 0.00009765625 0 -1 0
o 0 64 0 2083 10 0.00625 0 -1 0
o 34 64 0 2083 5 0.00009765625 0 -1 0
